[
  {
    "m00": -0.44066782054601672,
    "m10": 0.40333831447976487,
    "m20": 0.80195382845779006,
    "m30": 0.0,
    "m01": 0.40333830386882219,
    "m11": 0.887078895650944,
    "m21": -0.2245199374402263,
    "m31": 0.0,
    "m02": -0.80195379018737878,
    "m12": 0.22451995943916508,
    "m22": -0.55358903136204873,
    "m32": 0.0,
    "m03": -7.204358313874728,
    "m13": 6.7983825797999948,
    "m23": 28.597131294065512,
    "m33": 1.0
  },
  {
    "m00": 0.67171622522900742,
    "m10": -0.525732630296933,
    "m20": 0.52192201158415541,
    "m30": 0.0,
    "m01": -0.52573265330349317,
    "m11": 0.15806139206834474,
    "m21": 0.83583599171376932,
    "m31": 0.0,
    "m02": -0.52192197226901293,
    "m12": -0.83583601829362242,
    "m22": -0.17022243442460328,
    "m32": 0.0,
    "m03": -18.588132937238314,
    "m13": -47.629034788102906,
    "m23": -43.562979248389261,
    "m33": 1.0
  },
  {
    "m00": 0.47174720654658348,
    "m10": 0.52590300618714947,
    "m20": -0.7077291553300129,
    "m30": 0.0,
    "m01": 0.525902963592152,
    "m11": 0.47643633111695033,
    "m21": 0.7045810186076793,
    "m31": 0.0,
    "m02": 0.70772915887341747,
    "m12": -0.70458104339917982,
    "m22": -0.051816458388615358,
    "m32": 0.0,
    "m03": -3.8725803573399258,
    "m13": 7.4009967944147235,
    "m23": -39.023780638500973,
    "m33": 1.0
  },
  {
    "m00": 0.86457456214132766,
    "m10": -0.36104830920797021,
    "m20": -0.34950678582071781,
    "m30": 0.0,
    "m01": -0.36104832739053644,
    "m11": 0.037434387235473821,
    "m21": -0.93179560976528963,
    "m31": 0.0,
    "m02": 0.34950681454151467,
    "m12": 0.93179558152392294,
    "m22": -0.097991008045404782,
    "m32": 0.0,
    "m03": 32.015452798271234,
    "m13": -1.6861866363859761,
    "m23": -24.430899676934182,
    "m33": 1.0
  },
  {
    "m00": -0.33630637282189718,
    "m10": -0.72173588118602527,
    "m20": -0.60497549348920765,
    "m30": 0.0,
    "m01": -0.72173590941065235,
    "m11": 0.6101921733761354,
    "m21": -0.32674582247206285,
    "m31": 0.0,
    "m02": 0.60497554965557132,
    "m12": 0.32674586608180012,
    "m22": -0.72611413409099479,
    "m32": 0.0,
    "m03": 35.097189992933529,
    "m13": 32.428055231446052,
    "m23": -18.381494051568467,
    "m33": 1.0
  },
  {
    "m00": 0.90896324719998267,
    "m10": 0.36904170166324413,
    "m20": 0.19389171129917729,
    "m30": 0.0,
    "m01": 0.36904170287288374,
    "m11": -0.49600912378465112,
    "m21": -0.78599186240407048,
    "m31": 0.0,
    "m02": -0.19389169674145545,
    "m12": 0.78599186842731517,
    "m22": -0.58704592670458666,
    "m32": 0.0,
    "m03": 16.103584404148428,
    "m13": -30.622484294945693,
    "m23": 44.812489392211567,
    "m33": 1.0
  },
  {
    "m00": 0.59029364621672875,
    "m10": 0.084222227537474437,
    "m20": 0.80278263900998459,
    "m30": 0.0,
    "m01": 0.084222223282770625,
    "m11": 0.98268665243376629,
    "m21": -0.16502588646869645,
    "m31": 0.0,
    "m02": -0.80278265763555967,
    "m12": 0.16502588858010792,
    "m22": 0.5729803335034156,
    "m32": 0.0,
    "m03": 28.179263783623213,
    "m13": -40.945074674138247,
    "m23": 34.412227066032578,
    "m33": 1.0
  },
  {
    "m00": 0.99105487627136646,
    "m10": 0.045033297322239749,
    "m20": 0.12562745426003852,
    "m30": 0.0,
    "m01": 0.045033319310687048,
    "m11": 0.77328469062065208,
    "m21": -0.63245767846594569,
    "m31": 0.0,
    "m02": -0.12562746784001122,
    "m12": 0.6324576503248116,
    "m22": 0.76433957304320577,
    "m32": 0.0,
    "m03": 19.603105777155065,
    "m13": -6.5186323299254969,
    "m23": 30.032168223151857,
    "m33": 1.0
  },
  {
    "m00": 0.47047175070237557,
    "m10": -0.30056427487972481,
    "m20": -0.82964902821116882,
    "m30": 0.0,
    "m01": -0.3005642715787758,
    "m11": 0.82939746179200224,
    "m21": -0.47091510763828148,
    "m31": 0.0,
    "m02": 0.82964905511053078,
    "m12": 0.47091512404647468,
    "m22": 0.29986916856533663,
    "m32": 0.0,
    "m03": -38.629985608839782,
    "m13": 6.1328227805104163,
    "m23": 40.947488132254882,
    "m33": 1.0
  },
  {
    "m00": 0.69199037837428345,
    "m10": 0.373027306963287,
    "m20": -0.61806142009006981,
    "m30": 0.0,
    "m01": 0.37302728583011163,
    "m11": 0.54823055724430747,
    "m21": 0.748527888322439,
    "m31": 0.0,
    "m02": 0.61806146090368808,
    "m12": -0.74852792256232059,
    "m22": 0.24022091307924923,
    "m32": 0.0,
    "m03": 15.241906054861774,
    "m13": -26.9873841152543,
    "m23": -42.3920979385074,
    "m33": 1.0
  },
  {
    "m00": 0.044531459529994821,
    "m10": 0.40087014302459856,
    "m20": 0.91505198034144719,
    "m30": 0.0,
    "m01": 0.40087016154856692,
    "m11": 0.83181357386061083,
    "m21": -0.38391318693671705,
    "m31": 0.0,
    "m02": -0.91505201553790294,
    "m12": 0.38391318876470404,
    "m22": -0.1236550851855297,
    "m32": 0.0,
    "m03": 46.16946377280496,
    "m13": -36.533228349240751,
    "m23": -29.262725085057852,
    "m33": 1.0
  },
  {
    "m00": 0.79912950401426208,
    "m10": 0.2488434517676017,
    "m20": -0.54723769694134927,
    "m30": 0.0,
    "m01": 0.24884346194746929,
    "m11": 0.69172650962637716,
    "m21": 0.6779317235589023,
    "m31": 0.0,
    "m02": 0.54723771099948659,
    "m12": -0.67793172385513811,
    "m22": 0.49085592296482827,
    "m32": 0.0,
    "m03": -1.0846679966207482,
    "m13": -14.500241914907825,
    "m23": 3.179864721301918,
    "m33": 1.0
  },
  {
    "m00": 0.991920629884451,
    "m10": 0.034894848288719638,
    "m20": -0.12196675701226214,
    "m30": 0.0,
    "m01": 0.034894838936108424,
    "m11": 0.84928974251228817,
    "m21": 0.52677253489359988,
    "m31": 0.0,
    "m02": 0.12196673191858337,
    "m12": -0.52677259809081023,
    "m22": 0.84121030403236741,
    "m32": 0.0,
    "m03": 42.332819212510451,
    "m13": -42.107016664738325,
    "m23": 36.81327715892219,
    "m33": 1.0
  },
  {
    "m00": 0.30814159565149696,
    "m10": -0.20877990660104051,
    "m20": 0.92814857688798291,
    "m30": 0.0,
    "m01": -0.20877992738192863,
    "m11": 0.93699708134855042,
    "m21": 0.28008445416113009,
    "m31": 0.0,
    "m02": -0.928148565971918,
    "m12": -0.28008445604447219,
    "m22": 0.24513872608058135,
    "m32": 0.0,
    "m03": 48.69202449179005,
    "m13": -22.017949797064311,
    "m23": 36.46617064048619,
    "m33": 1.0
  },
  {
    "m00": 0.91712158248112785,
    "m10": 0.39366460965563144,
    "m20": 0.062580406554520573,
    "m30": 0.0,
    "m01": 0.393664603828889,
    "m11": -0.86986792802557766,
    "m21": -0.29725068636650492,
    "m31": 0.0,
    "m02": -0.062580432930398944,
    "m12": 0.29725073356623849,
    "m22": -0.95274639347574719,
    "m32": 0.0,
    "m03": -20.14224578867514,
    "m13": -45.664154228993965,
    "m23": -1.2538957204868808,
    "m33": 1.0
  },
  {
    "m00": 0.86560559116103231,
    "m10": 0.080653302218303968,
    "m20": -0.49418825830244517,
    "m30": 0.0,
    "m01": 0.080653292186766673,
    "m11": 0.95159803677177157,
    "m21": 0.29657413058386245,
    "m31": 0.0,
    "m02": 0.49418822876193835,
    "m12": -0.2965741824215824,
    "m22": 0.81720366744851358,
    "m32": 0.0,
    "m03": 2.9947578620371296,
    "m13": -34.895546508813496,
    "m23": -46.768909211144859,
    "m33": 1.0
  },
  {
    "m00": 0.78717910734591034,
    "m10": -0.56296993974700427,
    "m20": -0.25182127412564836,
    "m30": 0.0,
    "m01": -0.56296993064303169,
    "m11": -0.48921061736454191,
    "m21": -0.66613670818031356,
    "m31": 0.0,
    "m02": 0.25182128270831061,
    "m12": 0.66613669895159511,
    "m22": -0.70203153043414745,
    "m32": 0.0,
    "m03": -27.2400119433543,
    "m13": -33.403623094397673,
    "m23": 19.914769757228612,
    "m33": 1.0
  },
  {
    "m00": 0.71919776438622007,
    "m10": -0.066065137600192336,
    "m20": 0.69165748608186894,
    "m30": 0.0,
    "m01": -0.066065112258344716,
    "m11": 0.98445666097406637,
    "m21": 0.1627281751196048,
    "m31": 0.0,
    "m02": -0.69165749475626492,
    "m12": -0.16272820156201534,
    "m22": 0.70365442538375411,
    "m32": 0.0,
    "m03": 27.854683584098112,
    "m13": 14.686833332958203,
    "m23": -15.991729648339202,
    "m33": 1.0
  },
  {
    "m00": -0.1671871001904906,
    "m10": -0.63397691221532537,
    "m20": -0.75506431189525314,
    "m30": 0.0,
    "m01": -0.63397689608629637,
    "m11": 0.65564500544600912,
    "m21": -0.4101255811727107,
    "m31": 0.0,
    "m02": 0.75506433376255777,
    "m12": 0.41012557828047069,
    "m22": -0.51154206837359073,
    "m32": 0.0,
    "m03": 38.0219421771427,
    "m13": 13.48873271712899,
    "m23": 1.1667297025473644,
    "m33": 1.0
  },
  {
    "m00": 0.4862466668523211,
    "m10": 0.39444218443034507,
    "m20": 0.77973047789989469,
    "m30": 0.0,
    "m01": 0.39444220649220529,
    "m11": 0.69716084386992216,
    "m21": -0.59865026333345062,
    "m31": 0.0,
    "m02": -0.77973051974566154,
    "m12": 0.59865027272244475,
    "m22": 0.18340748474467852,
    "m32": 0.0,
    "m03": 20.1189649861411,
    "m13": 45.617127271514093,
    "m23": -34.335173290782961,
    "m33": 1.0
  }
]